0,441
0,437
15,9
0,438
14,91
14,90
14,89
14,88
14,87
14,86
14,85
14,84
14,83
14,82
14,81
14,80
14,79
14,78
14,77
14,76
14,75
14,74
14,73
14,72
14,70
14,69
14,68
14,67
14,66
14,65
14,127
14,126
14,125
14,124
14,123
14,122
14,121
0,434
11,5
0,385
0,395
18,3
8,4
8,5
0,320
0,419
0,415
17,3
0,410
0,413
16,14
7,3
0,439
0,323
0,243
0,440
15,1
15,8
15,0
0,318
0,327
0,326
9,4
0,321
0,325
16,15
9,3
9,5
0,314
0,309
0,301
0,324
0,322
0,316
0,0
0,312
0,401
0,311
15,7
15,6
8,3
16,13
0,380
0,319
0,317
0,315
0,313
0,306
14,71
0,427
0,396
0,384
16,11
6,5
7,4
6,3
6,4
16,1
16,16
0,436
0,435
0,421
16,8
16,9
5,3
5,4
0,411
2,3
1,3
0,300
0,299
0,298
0,297
0,296
0,295
0,294
0,293
0,292
0,291
0,290
0,289
0,288
0,287
0,286
0,285
0,284
0,283
0,282
0,281
0,280
0,279
0,278
0,277
0,276
0,275
0,274
0,273
0,272
0,271
0,270
0,269
0,268
0,267
0,266
0,265
0,264
0,263
0,262
0,261
0,260
0,259
0,258
0,257
0,256
0,255
0,254
0,253
0,252
0,251
0,250
0,249
0,248
0,247
0,246
0,245
0,244
0,242
0,241
0,240
0,239
0,238
0,237
0,236
0,235
0,234
0,233
0,232
0,231
0,227
0,206
0,205
0,204
0,203
0,202
0,201
0,200
0,199
0,198
0,197
0,196
0,195
0,194
0,193
0,192
0,63
0,62
0,61
0,60
0,59
0,58
0,57
0,56
0,55
0,54
0,53
0,52
0,51
0,50
0,49
0,48
0,47
0,46
0,45
0,6
14,8
0,360
10,2
0,230
0,229
0,228
0,226
0,225
0,224
0,223
0,222
0,221
0,220
0,219
0,218
0,217
0,216
0,215
0,214
0,213
0,212
0,211
0,210
0,209
0,208
0,207
0,433
0,432
0,431
0,429
0,428
0,426
0,430
0,424
0,423
0,422
0,414
0,407
0,402
0,425
0,370
0,362
0,351
6,7
6,6
0,400
0,418
0,420
0,417
0,416
0,412
0,409
0,406
0,405
0,404
0,403
0,331
0,408
0,399
0,398
0,394
0,393
0,392
0,391
0,390
0,389
0,388
0,387
0,386
0,329
0,361
0,397
0,359
0,358
16,0
0,383
0,382
0,381
0,379
0,378
0,377
0,376
0,375
0,374
0,373
0,372
0,371
0,357
0,356
0,355
0,353
0,347
0,447
0,446
26,5
26,4
0,445
0,444
14,120
14,119
14,118
14,117
14,116
14,115
14,114
14,113
14,112
14,111
0,369
0,368
0,367
0,350
0,366
0,365
0,364
0,363
2,5
6,1
6,2
6,0
11,4
12,3
0,354
10,3
10,4
0,352
0,349
2,4
0,348
15,2
0,346
0,345
0,344
12,4
16,2
16,6
16,4
14,110
14,109
14,108
16,7
20,7
16,5
20,6
16,3
15,5
0,343
0,342
0,341
15,3
15,4
12,5
14,64
0,340
14,5
14,4
14,107
14,1
14,106
14,2
14,0
14,3
0,443
20,5
0,339
0,333
0,442
0,338
0,337
0,336
0,335
0,334
0,332
0,330
0,328
27,3
27,2
27,1
27,0
26,3
26,2
26,1
26,0
25,3
25,2
25,1
25,0
24,3
24,2
24,1
24,0
23,3
23,2
23,1
23,0
22,3
22,2
22,1
22,0
21,3
21,2
21,1
21,0
20,3
20,2
20,1
20,0
19,3
19,2
19,1
19,0
18,2
18,1
18,0
0,304
0,303
17,2
0,12
0,11
0,307
0,308
0,10
0,9
0,8
17,1
17,0
0,7
0,2
8,2
16,12
0,1
13,4
13,3
13,2
13,1
13,0
12,8
12,7
12,6
12,2
12,1
12,0
11,3
11,2
11,1
11,0
10,1
10,0
9,2
9,1
9,0
8,1
8,0
7,5
7,2
7,1
7,0
5,6
5,5
5,2
5,1
5,0
4,3
4,2
4,1
4,0
3,6
3,5
3,4
3,3
3,2
3,1
3,0
2,2
2,1
2,0
1,2
1,1
1,0
0,310
0,305
0,302
0,5
0,4
0,3
